{"nbformat":4,"nbformat_minor":0,"metadata":{"colab":{"provenance":[]},"kernelspec":{"name":"python3","display_name":"Python 3"},"language_info":{"name":"python"}},"cells":[{"cell_type":"markdown","source":["Name: Nikolaos Katsaidonis\n","\n","Date: 5/11/2024\n","\n","Studen of Electrical and Computer Engineering National Technical Universitry Athens"],"metadata":{"id":"oAx-ib_pBrq9"}},{"cell_type":"code","source":["#Loading the dataset\n","import pandas as pd\n","\n","from google.colab import drive\n","drive.mount('/content/drive')\n","\n","#Reading the .csv file\n","path = '/content/drive/MyDrive/Machine_Learning_Project1/train-val.csv'\n","data = pd.read_csv(path)\n"],"metadata":{"id":"fbQtw6iYBrJk","executionInfo":{"status":"ok","timestamp":1734533470798,"user_tz":-120,"elapsed":22420,"user":{"displayName":"Νίκος Κατσαϊδώνης","userId":"13489937806515013970"}},"colab":{"base_uri":"https://localhost:8080/"},"outputId":"55db76c5-28ac-4fff-a297-f7ac552c1efe"},"execution_count":2,"outputs":[{"output_type":"stream","name":"stdout","text":["Mounted at /content/drive\n"]}]},{"cell_type":"code","source":["#First 5 rows of our data set\n","data.head()"],"metadata":{"colab":{"base_uri":"https://localhost:8080/","height":342},"id":"mh_35mTZOS1v","executionInfo":{"status":"ok","timestamp":1731865318166,"user_tz":-120,"elapsed":43,"user":{"displayName":"Νίκος Κατσαϊδώνης","userId":"13489937806515013970"}},"outputId":"f8229627-1d32-4cf3-9623-577629799497"},"execution_count":null,"outputs":[{"output_type":"execute_result","data":{"text/plain":["     ID        Date       Location  MinTemp  MaxTemp  Rainfall  Evaporation  \\\n","0  3423  2016-03-04    Tuggeranong     14.4     32.2      11.0          NaN   \n","1  6095  2013-06-23      GoldCoast     11.0     21.5       0.0          NaN   \n","2   403  2009-07-05          Cobar      8.3     14.7       0.0          2.4   \n","3   333  2014-10-12  BadgerysCreek      8.8     32.2       0.0          NaN   \n","4  2085  2012-07-04         Sydney      7.2     16.2       0.0          3.6   \n","\n","   Sunshine WindGustDir  WindGustSpeed  ... Humidity9am Humidity3pm  \\\n","0       NaN          NE           22.0  ...        81.0        32.0   \n","1       NaN           S           43.0  ...        64.0        58.0   \n","2       7.4         SSW           24.0  ...        79.0        55.0   \n","3       NaN         ENE           37.0  ...        65.0        18.0   \n","4       6.4         NaN            NaN  ...        55.0        43.0   \n","\n","   Pressure9am  Pressure3pm  Cloud9am  Cloud3pm  Temp9am  Temp3pm  RainToday  \\\n","0       1021.6       1018.0       NaN       NaN     18.4     31.2          1   \n","1       1024.1       1021.2       NaN       NaN     17.1     20.2          0   \n","2       1021.8       1019.7       7.0       6.0     10.6     14.0          0   \n","3       1017.5       1011.7       NaN       NaN     17.7     30.9          0   \n","4       1024.6       1025.1       3.0       7.0      9.6     15.9          0   \n","\n","   RainTomorrow  \n","0             0  \n","1             0  \n","2             0  \n","3             0  \n","4             1  \n","\n","[5 rows x 24 columns]"],"text/html":["\n","  <div id=\"df-b0daa4e2-b0e4-4ec1-acc5-c3dac8ed5e4c\" class=\"colab-df-container\">\n","    <div>\n","<style scoped>\n","    .dataframe tbody tr th:only-of-type {\n","        vertical-align: middle;\n","    }\n","\n","    .dataframe tbody tr th {\n","        vertical-align: top;\n","    }\n","\n","    .dataframe thead th {\n","        text-align: right;\n","    }\n","</style>\n","<table border=\"1\" class=\"dataframe\">\n","  <thead>\n","    <tr style=\"text-align: right;\">\n","      <th></th>\n","      <th>ID</th>\n","      <th>Date</th>\n","      <th>Location</th>\n","      <th>MinTemp</th>\n","      <th>MaxTemp</th>\n","      <th>Rainfall</th>\n","      <th>Evaporation</th>\n","      <th>Sunshine</th>\n","      <th>WindGustDir</th>\n","      <th>WindGustSpeed</th>\n","      <th>...</th>\n","      <th>Humidity9am</th>\n","      <th>Humidity3pm</th>\n","      <th>Pressure9am</th>\n","      <th>Pressure3pm</th>\n","      <th>Cloud9am</th>\n","      <th>Cloud3pm</th>\n","      <th>Temp9am</th>\n","      <th>Temp3pm</th>\n","      <th>RainToday</th>\n","      <th>RainTomorrow</th>\n","    </tr>\n","  </thead>\n","  <tbody>\n","    <tr>\n","      <th>0</th>\n","      <td>3423</td>\n","      <td>2016-03-04</td>\n","      <td>Tuggeranong</td>\n","      <td>14.4</td>\n","      <td>32.2</td>\n","      <td>11.0</td>\n","      <td>NaN</td>\n","      <td>NaN</td>\n","      <td>NE</td>\n","      <td>22.0</td>\n","      <td>...</td>\n","      <td>81.0</td>\n","      <td>32.0</td>\n","      <td>1021.6</td>\n","      <td>1018.0</td>\n","      <td>NaN</td>\n","      <td>NaN</td>\n","      <td>18.4</td>\n","      <td>31.2</td>\n","      <td>1</td>\n","      <td>0</td>\n","    </tr>\n","    <tr>\n","      <th>1</th>\n","      <td>6095</td>\n","      <td>2013-06-23</td>\n","      <td>GoldCoast</td>\n","      <td>11.0</td>\n","      <td>21.5</td>\n","      <td>0.0</td>\n","      <td>NaN</td>\n","      <td>NaN</td>\n","      <td>S</td>\n","      <td>43.0</td>\n","      <td>...</td>\n","      <td>64.0</td>\n","      <td>58.0</td>\n","      <td>1024.1</td>\n","      <td>1021.2</td>\n","      <td>NaN</td>\n","      <td>NaN</td>\n","      <td>17.1</td>\n","      <td>20.2</td>\n","      <td>0</td>\n","      <td>0</td>\n","    </tr>\n","    <tr>\n","      <th>2</th>\n","      <td>403</td>\n","      <td>2009-07-05</td>\n","      <td>Cobar</td>\n","      <td>8.3</td>\n","      <td>14.7</td>\n","      <td>0.0</td>\n","      <td>2.4</td>\n","      <td>7.4</td>\n","      <td>SSW</td>\n","      <td>24.0</td>\n","      <td>...</td>\n","      <td>79.0</td>\n","      <td>55.0</td>\n","      <td>1021.8</td>\n","      <td>1019.7</td>\n","      <td>7.0</td>\n","      <td>6.0</td>\n","      <td>10.6</td>\n","      <td>14.0</td>\n","      <td>0</td>\n","      <td>0</td>\n","    </tr>\n","    <tr>\n","      <th>3</th>\n","      <td>333</td>\n","      <td>2014-10-12</td>\n","      <td>BadgerysCreek</td>\n","      <td>8.8</td>\n","      <td>32.2</td>\n","      <td>0.0</td>\n","      <td>NaN</td>\n","      <td>NaN</td>\n","      <td>ENE</td>\n","      <td>37.0</td>\n","      <td>...</td>\n","      <td>65.0</td>\n","      <td>18.0</td>\n","      <td>1017.5</td>\n","      <td>1011.7</td>\n","      <td>NaN</td>\n","      <td>NaN</td>\n","      <td>17.7</td>\n","      <td>30.9</td>\n","      <td>0</td>\n","      <td>0</td>\n","    </tr>\n","    <tr>\n","      <th>4</th>\n","      <td>2085</td>\n","      <td>2012-07-04</td>\n","      <td>Sydney</td>\n","      <td>7.2</td>\n","      <td>16.2</td>\n","      <td>0.0</td>\n","      <td>3.6</td>\n","      <td>6.4</td>\n","      <td>NaN</td>\n","      <td>NaN</td>\n","      <td>...</td>\n","      <td>55.0</td>\n","      <td>43.0</td>\n","      <td>1024.6</td>\n","      <td>1025.1</td>\n","      <td>3.0</td>\n","      <td>7.0</td>\n","      <td>9.6</td>\n","      <td>15.9</td>\n","      <td>0</td>\n","      <td>1</td>\n","    </tr>\n","  </tbody>\n","</table>\n","<p>5 rows × 24 columns</p>\n","</div>\n","    <div class=\"colab-df-buttons\">\n","\n","  <div class=\"colab-df-container\">\n","    <button class=\"colab-df-convert\" onclick=\"convertToInteractive('df-b0daa4e2-b0e4-4ec1-acc5-c3dac8ed5e4c')\"\n","            title=\"Convert this dataframe to an interactive table.\"\n","            style=\"display:none;\">\n","\n","  <svg xmlns=\"http://www.w3.org/2000/svg\" height=\"24px\" viewBox=\"0 -960 960 960\">\n","    <path d=\"M120-120v-720h720v720H120Zm60-500h600v-160H180v160Zm220 220h160v-160H400v160Zm0 220h160v-160H400v160ZM180-400h160v-160H180v160Zm440 0h160v-160H620v160ZM180-180h160v-160H180v160Zm440 0h160v-160H620v160Z\"/>\n","  </svg>\n","    </button>\n","\n","  <style>\n","    .colab-df-container {\n","      display:flex;\n","      gap: 12px;\n","    }\n","\n","    .colab-df-convert {\n","      background-color: #E8F0FE;\n","      border: none;\n","      border-radius: 50%;\n","      cursor: pointer;\n","      display: none;\n","      fill: #1967D2;\n","      height: 32px;\n","      padding: 0 0 0 0;\n","      width: 32px;\n","    }\n","\n","    .colab-df-convert:hover {\n","      background-color: #E2EBFA;\n","      box-shadow: 0px 1px 2px rgba(60, 64, 67, 0.3), 0px 1px 3px 1px rgba(60, 64, 67, 0.15);\n","      fill: #174EA6;\n","    }\n","\n","    .colab-df-buttons div {\n","      margin-bottom: 4px;\n","    }\n","\n","    [theme=dark] .colab-df-convert {\n","      background-color: #3B4455;\n","      fill: #D2E3FC;\n","    }\n","\n","    [theme=dark] .colab-df-convert:hover {\n","      background-color: #434B5C;\n","      box-shadow: 0px 1px 3px 1px rgba(0, 0, 0, 0.15);\n","      filter: drop-shadow(0px 1px 2px rgba(0, 0, 0, 0.3));\n","      fill: #FFFFFF;\n","    }\n","  </style>\n","\n","    <script>\n","      const buttonEl =\n","        document.querySelector('#df-b0daa4e2-b0e4-4ec1-acc5-c3dac8ed5e4c button.colab-df-convert');\n","      buttonEl.style.display =\n","        google.colab.kernel.accessAllowed ? 'block' : 'none';\n","\n","      async function convertToInteractive(key) {\n","        const element = document.querySelector('#df-b0daa4e2-b0e4-4ec1-acc5-c3dac8ed5e4c');\n","        const dataTable =\n","          await google.colab.kernel.invokeFunction('convertToInteractive',\n","                                                    [key], {});\n","        if (!dataTable) return;\n","\n","        const docLinkHtml = 'Like what you see? Visit the ' +\n","          '<a target=\"_blank\" href=https://colab.research.google.com/notebooks/data_table.ipynb>data table notebook</a>'\n","          + ' to learn more about interactive tables.';\n","        element.innerHTML = '';\n","        dataTable['output_type'] = 'display_data';\n","        await google.colab.output.renderOutput(dataTable, element);\n","        const docLink = document.createElement('div');\n","        docLink.innerHTML = docLinkHtml;\n","        element.appendChild(docLink);\n","      }\n","    </script>\n","  </div>\n","\n","\n","<div id=\"df-fccf848a-49b2-4954-8bc9-4d7fffed3106\">\n","  <button class=\"colab-df-quickchart\" onclick=\"quickchart('df-fccf848a-49b2-4954-8bc9-4d7fffed3106')\"\n","            title=\"Suggest charts\"\n","            style=\"display:none;\">\n","\n","<svg xmlns=\"http://www.w3.org/2000/svg\" height=\"24px\"viewBox=\"0 0 24 24\"\n","     width=\"24px\">\n","    <g>\n","        <path d=\"M19 3H5c-1.1 0-2 .9-2 2v14c0 1.1.9 2 2 2h14c1.1 0 2-.9 2-2V5c0-1.1-.9-2-2-2zM9 17H7v-7h2v7zm4 0h-2V7h2v10zm4 0h-2v-4h2v4z\"/>\n","    </g>\n","</svg>\n","  </button>\n","\n","<style>\n","  .colab-df-quickchart {\n","      --bg-color: #E8F0FE;\n","      --fill-color: #1967D2;\n","      --hover-bg-color: #E2EBFA;\n","      --hover-fill-color: #174EA6;\n","      --disabled-fill-color: #AAA;\n","      --disabled-bg-color: #DDD;\n","  }\n","\n","  [theme=dark] .colab-df-quickchart {\n","      --bg-color: #3B4455;\n","      --fill-color: #D2E3FC;\n","      --hover-bg-color: #434B5C;\n","      --hover-fill-color: #FFFFFF;\n","      --disabled-bg-color: #3B4455;\n","      --disabled-fill-color: #666;\n","  }\n","\n","  .colab-df-quickchart {\n","    background-color: var(--bg-color);\n","    border: none;\n","    border-radius: 50%;\n","    cursor: pointer;\n","    display: none;\n","    fill: var(--fill-color);\n","    height: 32px;\n","    padding: 0;\n","    width: 32px;\n","  }\n","\n","  .colab-df-quickchart:hover {\n","    background-color: var(--hover-bg-color);\n","    box-shadow: 0 1px 2px rgba(60, 64, 67, 0.3), 0 1px 3px 1px rgba(60, 64, 67, 0.15);\n","    fill: var(--button-hover-fill-color);\n","  }\n","\n","  .colab-df-quickchart-complete:disabled,\n","  .colab-df-quickchart-complete:disabled:hover {\n","    background-color: var(--disabled-bg-color);\n","    fill: var(--disabled-fill-color);\n","    box-shadow: none;\n","  }\n","\n","  .colab-df-spinner {\n","    border: 2px solid var(--fill-color);\n","    border-color: transparent;\n","    border-bottom-color: var(--fill-color);\n","    animation:\n","      spin 1s steps(1) infinite;\n","  }\n","\n","  @keyframes spin {\n","    0% {\n","      border-color: transparent;\n","      border-bottom-color: var(--fill-color);\n","      border-left-color: var(--fill-color);\n","    }\n","    20% {\n","      border-color: transparent;\n","      border-left-color: var(--fill-color);\n","      border-top-color: var(--fill-color);\n","    }\n","    30% {\n","      border-color: transparent;\n","      border-left-color: var(--fill-color);\n","      border-top-color: var(--fill-color);\n","      border-right-color: var(--fill-color);\n","    }\n","    40% {\n","      border-color: transparent;\n","      border-right-color: var(--fill-color);\n","      border-top-color: var(--fill-color);\n","    }\n","    60% {\n","      border-color: transparent;\n","      border-right-color: var(--fill-color);\n","    }\n","    80% {\n","      border-color: transparent;\n","      border-right-color: var(--fill-color);\n","      border-bottom-color: var(--fill-color);\n","    }\n","    90% {\n","      border-color: transparent;\n","      border-bottom-color: var(--fill-color);\n","    }\n","  }\n","</style>\n","\n","  <script>\n","    async function quickchart(key) {\n","      const quickchartButtonEl =\n","        document.querySelector('#' + key + ' button');\n","      quickchartButtonEl.disabled = true;  // To prevent multiple clicks.\n","      quickchartButtonEl.classList.add('colab-df-spinner');\n","      try {\n","        const charts = await google.colab.kernel.invokeFunction(\n","            'suggestCharts', [key], {});\n","      } catch (error) {\n","        console.error('Error during call to suggestCharts:', error);\n","      }\n","      quickchartButtonEl.classList.remove('colab-df-spinner');\n","      quickchartButtonEl.classList.add('colab-df-quickchart-complete');\n","    }\n","    (() => {\n","      let quickchartButtonEl =\n","        document.querySelector('#df-fccf848a-49b2-4954-8bc9-4d7fffed3106 button');\n","      quickchartButtonEl.style.display =\n","        google.colab.kernel.accessAllowed ? 'block' : 'none';\n","    })();\n","  </script>\n","</div>\n","\n","    </div>\n","  </div>\n"],"application/vnd.google.colaboratory.intrinsic+json":{"type":"dataframe","variable_name":"data"}},"metadata":{},"execution_count":167}]},{"cell_type":"code","source":["#2a\n","#Number of samples (rows) and features (columns)\n","rows, columns = data.shape\n","print(\"The number of samples is {}.\\nThe number of features is {}.\\n\".format(rows, columns))\n"],"metadata":{"id":"dnd0K49PNK1T","colab":{"base_uri":"https://localhost:8080/"},"executionInfo":{"status":"ok","timestamp":1731865318166,"user_tz":-120,"elapsed":40,"user":{"displayName":"Νίκος Κατσαϊδώνης","userId":"13489937806515013970"}},"outputId":"1bbc7eea-9c35-4fdf-a5c8-7044746de571"},"execution_count":null,"outputs":[{"output_type":"stream","name":"stdout","text":["The number of samples is 7262.\n","The number of features is 24.\n","\n"]}]},{"cell_type":"code","source":["#2b\n","#Data type of the features (columns)\n","features_data_type = data.dtypes\n","print(f\"The columns of the Data Frame are:\\n {features_data_type}\\n\")\n"],"metadata":{"colab":{"base_uri":"https://localhost:8080/"},"id":"o4f186ERHU8W","executionInfo":{"status":"ok","timestamp":1731865318167,"user_tz":-120,"elapsed":37,"user":{"displayName":"Νίκος Κατσαϊδώνης","userId":"13489937806515013970"}},"outputId":"b1b48a72-4d8a-42a5-c362-d82450c783d1"},"execution_count":null,"outputs":[{"output_type":"stream","name":"stdout","text":["The columns of the Data Frame are:\n"," ID                 int64\n","Date              object\n","Location          object\n","MinTemp          float64\n","MaxTemp          float64\n","Rainfall         float64\n","Evaporation      float64\n","Sunshine         float64\n","WindGustDir       object\n","WindGustSpeed    float64\n","WindDir9am        object\n","WindDir3pm        object\n","WindSpeed9am     float64\n","WindSpeed3pm     float64\n","Humidity9am      float64\n","Humidity3pm      float64\n","Pressure9am      float64\n","Pressure3pm      float64\n","Cloud9am         float64\n","Cloud3pm         float64\n","Temp9am          float64\n","Temp3pm          float64\n","RainToday          int64\n","RainTomorrow       int64\n","dtype: object\n","\n"]}]},{"cell_type":"code","source":["#2c\n","#Labels\n","features_labels = data.columns\n","print(f\"The features labels are {len(features_labels)}:\")\n","print(features_labels)"],"metadata":{"colab":{"base_uri":"https://localhost:8080/"},"id":"y0ckatzyHes5","executionInfo":{"status":"ok","timestamp":1731865318167,"user_tz":-120,"elapsed":33,"user":{"displayName":"Νίκος Κατσαϊδώνης","userId":"13489937806515013970"}},"outputId":"3e07ae33-ebcd-4d62-c971-110d646ee9f7"},"execution_count":null,"outputs":[{"output_type":"stream","name":"stdout","text":["The features labels are 24:\n","Index(['ID', 'Date', 'Location', 'MinTemp', 'MaxTemp', 'Rainfall',\n","       'Evaporation', 'Sunshine', 'WindGustDir', 'WindGustSpeed', 'WindDir9am',\n","       'WindDir3pm', 'WindSpeed9am', 'WindSpeed3pm', 'Humidity9am',\n","       'Humidity3pm', 'Pressure9am', 'Pressure3pm', 'Cloud9am', 'Cloud3pm',\n","       'Temp9am', 'Temp3pm', 'RainToday', 'RainTomorrow'],\n","      dtype='object')\n"]}]},{"cell_type":"code","source":["#2d\n","##Categorical features-columns are our classes\n","\n","'''\n","print(\"Categorical features:\")\n","categorical_list=[]\n","for c in data.select_dtypes(include=['category','object']).columns:\n","  categorical_list.append(c)\n","print(categorical_list)\n","'''\n","categories= data['RainTomorrow'].nunique()\n","\n","print(\"Number of categories  =\", (categories))\n","\n"],"metadata":{"colab":{"base_uri":"https://localhost:8080/"},"id":"yafcA-YjJz3v","executionInfo":{"status":"ok","timestamp":1731865318167,"user_tz":-120,"elapsed":27,"user":{"displayName":"Νίκος Κατσαϊδώνης","userId":"13489937806515013970"}},"outputId":"8d9a93e8-e28e-4b9b-de9f-ebb19c5380b1"},"execution_count":null,"outputs":[{"output_type":"stream","name":"stdout","text":["Number of categories  = 2\n"]}]},{"cell_type":"code","source":["#2e\n","\n","#Number of samples for each category in column RainTomorrow\n","samples_count = data['RainTomorrow'].value_counts()\n","\n","print(\"Count of samples in each category\", samples_count)\n"],"metadata":{"colab":{"base_uri":"https://localhost:8080/"},"id":"zYhv8Iz1ILfJ","executionInfo":{"status":"ok","timestamp":1731865318168,"user_tz":-120,"elapsed":24,"user":{"displayName":"Νίκος Κατσαϊδώνης","userId":"13489937806515013970"}},"outputId":"eb2b8421-8a46-41a9-bb6b-98991e0e736a"},"execution_count":null,"outputs":[{"output_type":"stream","name":"stdout","text":["Count of samples in each category RainTomorrow\n","0    5623\n","1    1639\n","Name: count, dtype: int64\n"]}]},{"cell_type":"code","source":["#2st\n","#Correlation of the data\n","# Select only numerical features for correlation analysis\n","numerical_data = data.select_dtypes(include=['float64','int64'])\n","\n","# Calculate the correlation matrix\n","correlation = numerical_data.corr()\n","correlation\n","\n","#This matrix gives us information about the relation between some features.\n","#For example, when sunshine is increasing, humidity dicreases by 50%-60%\n"],"metadata":{"colab":{"base_uri":"https://localhost:8080/","height":665},"id":"nG-qYwGiK9Zo","executionInfo":{"status":"ok","timestamp":1731865318168,"user_tz":-120,"elapsed":20,"user":{"displayName":"Νίκος Κατσαϊδώνης","userId":"13489937806515013970"}},"outputId":"96e461ca-b825-4be0-deb8-22d55e6dd07e"},"execution_count":null,"outputs":[{"output_type":"execute_result","data":{"text/plain":["                     ID   MinTemp   MaxTemp  Rainfall  Evaporation  Sunshine  \\\n","ID             1.000000  0.101510  0.133521 -0.032217     0.071010  0.051325   \n","MinTemp        0.101510  1.000000  0.709894  0.093915     0.460272  0.064273   \n","MaxTemp        0.133521  0.709894  1.000000 -0.098454     0.571740  0.469705   \n","Rainfall      -0.032217  0.093915 -0.098454  1.000000    -0.074776 -0.182762   \n","Evaporation    0.071010  0.460272  0.571740 -0.074776     1.000000  0.348179   \n","Sunshine       0.051325  0.064273  0.469705 -0.182762     0.348179  1.000000   \n","WindGustSpeed  0.043297  0.165904  0.008927  0.182268     0.168108 -0.068132   \n","WindSpeed9am   0.069138  0.199696  0.009758  0.127017     0.207150  0.020779   \n","WindSpeed3pm   0.030900  0.192065  0.057063  0.093557     0.135517  0.047236   \n","Humidity9am   -0.117635 -0.227187 -0.485498  0.204239    -0.502250 -0.463217   \n","Humidity3pm   -0.075666  0.023297 -0.493780  0.235734    -0.373950 -0.621705   \n","Pressure9am   -0.084635 -0.366575 -0.217367 -0.192867    -0.208560  0.093877   \n","Pressure3pm   -0.089954 -0.378641 -0.326057 -0.133201    -0.244390  0.025512   \n","Cloud9am      -0.071564  0.056189 -0.315717  0.188081    -0.193750 -0.690637   \n","Cloud3pm      -0.064091 -0.000523 -0.314760  0.165398    -0.196783 -0.715964   \n","Temp9am        0.136345  0.888775  0.881857 -0.009739     0.552718  0.295746   \n","Temp3pm        0.125620  0.679368  0.983124 -0.100264     0.558556  0.494379   \n","RainToday     -0.008100  0.064523 -0.240200  0.508495    -0.178420 -0.283477   \n","RainTomorrow  -0.000595  0.076245 -0.175112  0.206823    -0.111138 -0.433374   \n","\n","               WindGustSpeed  WindSpeed9am  WindSpeed3pm  Humidity9am  \\\n","ID                  0.043297      0.069138      0.030900    -0.117635   \n","MinTemp             0.165904      0.199696      0.192065    -0.227187   \n","MaxTemp             0.008927      0.009758      0.057063    -0.485498   \n","Rainfall            0.182268      0.127017      0.093557     0.204239   \n","Evaporation         0.168108      0.207150      0.135517    -0.502250   \n","Sunshine           -0.068132      0.020779      0.047236    -0.463217   \n","WindGustSpeed       1.000000      0.630244      0.706897    -0.218186   \n","WindSpeed9am        0.630244      1.000000      0.543124    -0.299031   \n","WindSpeed3pm        0.706897      0.543124      1.000000    -0.167797   \n","Humidity9am        -0.218186     -0.299031     -0.167797     1.000000   \n","Humidity3pm         0.008154     -0.033898      0.002906     0.647581   \n","Pressure9am        -0.496235     -0.263245     -0.335823     0.124066   \n","Pressure3pm        -0.445468     -0.209356     -0.297948     0.179100   \n","Cloud9am            0.087869      0.034047      0.063603     0.442494   \n","Cloud3pm            0.140471      0.061122      0.059018     0.366222   \n","Temp9am             0.127086      0.144137      0.176276    -0.475319   \n","Temp3pm            -0.028502     -0.006178      0.028872    -0.475040   \n","RainToday           0.201441      0.127078      0.119698     0.333259   \n","RainTomorrow        0.291813      0.109336      0.137652     0.230218   \n","\n","               Humidity3pm  Pressure9am  Pressure3pm  Cloud9am  Cloud3pm  \\\n","ID               -0.075666    -0.084635    -0.089954 -0.071564 -0.064091   \n","MinTemp           0.023297    -0.366575    -0.378641  0.056189 -0.000523   \n","MaxTemp          -0.493780    -0.217367    -0.326057 -0.315717 -0.314760   \n","Rainfall          0.235734    -0.192867    -0.133201  0.188081  0.165398   \n","Evaporation      -0.373950    -0.208560    -0.244390 -0.193750 -0.196783   \n","Sunshine         -0.621705     0.093877     0.025512 -0.690637 -0.715964   \n","WindGustSpeed     0.008154    -0.496235    -0.445468  0.087869  0.140471   \n","WindSpeed9am     -0.033898    -0.263245    -0.209356  0.034047  0.061122   \n","WindSpeed3pm      0.002906    -0.335823    -0.297948  0.063603  0.059018   \n","Humidity9am       0.647581     0.124066     0.179100  0.442494  0.366222   \n","Humidity3pm       1.000000    -0.063455     0.021869  0.516019  0.538802   \n","Pressure9am      -0.063455     1.000000     0.959433 -0.114579 -0.157067   \n","Pressure3pm       0.021869     0.959433     1.000000 -0.043778 -0.094079   \n","Cloud9am          0.516019    -0.114579    -0.043778  1.000000  0.613362   \n","Cloud3pm          0.538802    -0.157067    -0.094079  0.613362  1.000000   \n","Temp9am          -0.220208    -0.328377    -0.384364 -0.169043 -0.166195   \n","Temp3pm          -0.548739    -0.171373    -0.287821 -0.329026 -0.355004   \n","RainToday         0.366509    -0.222591    -0.125932  0.275507  0.252889   \n","RainTomorrow      0.438218    -0.298347    -0.273816  0.307484  0.379395   \n","\n","                Temp9am   Temp3pm  RainToday  RainTomorrow  \n","ID             0.136345  0.125620  -0.008100     -0.000595  \n","MinTemp        0.888775  0.679368   0.064523      0.076245  \n","MaxTemp        0.881857  0.983124  -0.240200     -0.175112  \n","Rainfall      -0.009739 -0.100264   0.508495      0.206823  \n","Evaporation    0.552718  0.558556  -0.178420     -0.111138  \n","Sunshine       0.295746  0.494379  -0.283477     -0.433374  \n","WindGustSpeed  0.127086 -0.028502   0.201441      0.291813  \n","WindSpeed9am   0.144137 -0.006178   0.127078      0.109336  \n","WindSpeed3pm   0.176276  0.028872   0.119698      0.137652  \n","Humidity9am   -0.475319 -0.475040   0.333259      0.230218  \n","Humidity3pm   -0.220208 -0.548739   0.366509      0.438218  \n","Pressure9am   -0.328377 -0.171373  -0.222591     -0.298347  \n","Pressure3pm   -0.384364 -0.287821  -0.125932     -0.273816  \n","Cloud9am      -0.169043 -0.329026   0.275507      0.307484  \n","Cloud3pm      -0.166195 -0.355004   0.252889      0.379395  \n","Temp9am        1.000000  0.851284  -0.102103     -0.040164  \n","Temp3pm        0.851284  1.000000  -0.247586     -0.212247  \n","RainToday     -0.102103 -0.247586   1.000000      0.287683  \n","RainTomorrow  -0.040164 -0.212247   0.287683      1.000000  "],"text/html":["\n","  <div id=\"df-3627e4ff-6aec-4b21-abce-14854c4863b9\" class=\"colab-df-container\">\n","    <div>\n","<style scoped>\n","    .dataframe tbody tr th:only-of-type {\n","        vertical-align: middle;\n","    }\n","\n","    .dataframe tbody tr th {\n","        vertical-align: top;\n","    }\n","\n","    .dataframe thead th {\n","        text-align: right;\n","    }\n","</style>\n","<table border=\"1\" class=\"dataframe\">\n","  <thead>\n","    <tr style=\"text-align: right;\">\n","      <th></th>\n","      <th>ID</th>\n","      <th>MinTemp</th>\n","      <th>MaxTemp</th>\n","      <th>Rainfall</th>\n","      <th>Evaporation</th>\n","      <th>Sunshine</th>\n","      <th>WindGustSpeed</th>\n","      <th>WindSpeed9am</th>\n","      <th>WindSpeed3pm</th>\n","      <th>Humidity9am</th>\n","      <th>Humidity3pm</th>\n","      <th>Pressure9am</th>\n","      <th>Pressure3pm</th>\n","      <th>Cloud9am</th>\n","      <th>Cloud3pm</th>\n","      <th>Temp9am</th>\n","      <th>Temp3pm</th>\n","      <th>RainToday</th>\n","      <th>RainTomorrow</th>\n","    </tr>\n","  </thead>\n","  <tbody>\n","    <tr>\n","      <th>ID</th>\n","      <td>1.000000</td>\n","      <td>0.101510</td>\n","      <td>0.133521</td>\n","      <td>-0.032217</td>\n","      <td>0.071010</td>\n","      <td>0.051325</td>\n","      <td>0.043297</td>\n","      <td>0.069138</td>\n","      <td>0.030900</td>\n","      <td>-0.117635</td>\n","      <td>-0.075666</td>\n","      <td>-0.084635</td>\n","      <td>-0.089954</td>\n","      <td>-0.071564</td>\n","      <td>-0.064091</td>\n","      <td>0.136345</td>\n","      <td>0.125620</td>\n","      <td>-0.008100</td>\n","      <td>-0.000595</td>\n","    </tr>\n","    <tr>\n","      <th>MinTemp</th>\n","      <td>0.101510</td>\n","      <td>1.000000</td>\n","      <td>0.709894</td>\n","      <td>0.093915</td>\n","      <td>0.460272</td>\n","      <td>0.064273</td>\n","      <td>0.165904</td>\n","      <td>0.199696</td>\n","      <td>0.192065</td>\n","      <td>-0.227187</td>\n","      <td>0.023297</td>\n","      <td>-0.366575</td>\n","      <td>-0.378641</td>\n","      <td>0.056189</td>\n","      <td>-0.000523</td>\n","      <td>0.888775</td>\n","      <td>0.679368</td>\n","      <td>0.064523</td>\n","      <td>0.076245</td>\n","    </tr>\n","    <tr>\n","      <th>MaxTemp</th>\n","      <td>0.133521</td>\n","      <td>0.709894</td>\n","      <td>1.000000</td>\n","      <td>-0.098454</td>\n","      <td>0.571740</td>\n","      <td>0.469705</td>\n","      <td>0.008927</td>\n","      <td>0.009758</td>\n","      <td>0.057063</td>\n","      <td>-0.485498</td>\n","      <td>-0.493780</td>\n","      <td>-0.217367</td>\n","      <td>-0.326057</td>\n","      <td>-0.315717</td>\n","      <td>-0.314760</td>\n","      <td>0.881857</td>\n","      <td>0.983124</td>\n","      <td>-0.240200</td>\n","      <td>-0.175112</td>\n","    </tr>\n","    <tr>\n","      <th>Rainfall</th>\n","      <td>-0.032217</td>\n","      <td>0.093915</td>\n","      <td>-0.098454</td>\n","      <td>1.000000</td>\n","      <td>-0.074776</td>\n","      <td>-0.182762</td>\n","      <td>0.182268</td>\n","      <td>0.127017</td>\n","      <td>0.093557</td>\n","      <td>0.204239</td>\n","      <td>0.235734</td>\n","      <td>-0.192867</td>\n","      <td>-0.133201</td>\n","      <td>0.188081</td>\n","      <td>0.165398</td>\n","      <td>-0.009739</td>\n","      <td>-0.100264</td>\n","      <td>0.508495</td>\n","      <td>0.206823</td>\n","    </tr>\n","    <tr>\n","      <th>Evaporation</th>\n","      <td>0.071010</td>\n","      <td>0.460272</td>\n","      <td>0.571740</td>\n","      <td>-0.074776</td>\n","      <td>1.000000</td>\n","      <td>0.348179</td>\n","      <td>0.168108</td>\n","      <td>0.207150</td>\n","      <td>0.135517</td>\n","      <td>-0.502250</td>\n","      <td>-0.373950</td>\n","      <td>-0.208560</td>\n","      <td>-0.244390</td>\n","      <td>-0.193750</td>\n","      <td>-0.196783</td>\n","      <td>0.552718</td>\n","      <td>0.558556</td>\n","      <td>-0.178420</td>\n","      <td>-0.111138</td>\n","    </tr>\n","    <tr>\n","      <th>Sunshine</th>\n","      <td>0.051325</td>\n","      <td>0.064273</td>\n","      <td>0.469705</td>\n","      <td>-0.182762</td>\n","      <td>0.348179</td>\n","      <td>1.000000</td>\n","      <td>-0.068132</td>\n","      <td>0.020779</td>\n","      <td>0.047236</td>\n","      <td>-0.463217</td>\n","      <td>-0.621705</td>\n","      <td>0.093877</td>\n","      <td>0.025512</td>\n","      <td>-0.690637</td>\n","      <td>-0.715964</td>\n","      <td>0.295746</td>\n","      <td>0.494379</td>\n","      <td>-0.283477</td>\n","      <td>-0.433374</td>\n","    </tr>\n","    <tr>\n","      <th>WindGustSpeed</th>\n","      <td>0.043297</td>\n","      <td>0.165904</td>\n","      <td>0.008927</td>\n","      <td>0.182268</td>\n","      <td>0.168108</td>\n","      <td>-0.068132</td>\n","      <td>1.000000</td>\n","      <td>0.630244</td>\n","      <td>0.706897</td>\n","      <td>-0.218186</td>\n","      <td>0.008154</td>\n","      <td>-0.496235</td>\n","      <td>-0.445468</td>\n","      <td>0.087869</td>\n","      <td>0.140471</td>\n","      <td>0.127086</td>\n","      <td>-0.028502</td>\n","      <td>0.201441</td>\n","      <td>0.291813</td>\n","    </tr>\n","    <tr>\n","      <th>WindSpeed9am</th>\n","      <td>0.069138</td>\n","      <td>0.199696</td>\n","      <td>0.009758</td>\n","      <td>0.127017</td>\n","      <td>0.207150</td>\n","      <td>0.020779</td>\n","      <td>0.630244</td>\n","      <td>1.000000</td>\n","      <td>0.543124</td>\n","      <td>-0.299031</td>\n","      <td>-0.033898</td>\n","      <td>-0.263245</td>\n","      <td>-0.209356</td>\n","      <td>0.034047</td>\n","      <td>0.061122</td>\n","      <td>0.144137</td>\n","      <td>-0.006178</td>\n","      <td>0.127078</td>\n","      <td>0.109336</td>\n","    </tr>\n","    <tr>\n","      <th>WindSpeed3pm</th>\n","      <td>0.030900</td>\n","      <td>0.192065</td>\n","      <td>0.057063</td>\n","      <td>0.093557</td>\n","      <td>0.135517</td>\n","      <td>0.047236</td>\n","      <td>0.706897</td>\n","      <td>0.543124</td>\n","      <td>1.000000</td>\n","      <td>-0.167797</td>\n","      <td>0.002906</td>\n","      <td>-0.335823</td>\n","      <td>-0.297948</td>\n","      <td>0.063603</td>\n","      <td>0.059018</td>\n","      <td>0.176276</td>\n","      <td>0.028872</td>\n","      <td>0.119698</td>\n","      <td>0.137652</td>\n","    </tr>\n","    <tr>\n","      <th>Humidity9am</th>\n","      <td>-0.117635</td>\n","      <td>-0.227187</td>\n","      <td>-0.485498</td>\n","      <td>0.204239</td>\n","      <td>-0.502250</td>\n","      <td>-0.463217</td>\n","      <td>-0.218186</td>\n","      <td>-0.299031</td>\n","      <td>-0.167797</td>\n","      <td>1.000000</td>\n","      <td>0.647581</td>\n","      <td>0.124066</td>\n","      <td>0.179100</td>\n","      <td>0.442494</td>\n","      <td>0.366222</td>\n","      <td>-0.475319</td>\n","      <td>-0.475040</td>\n","      <td>0.333259</td>\n","      <td>0.230218</td>\n","    </tr>\n","    <tr>\n","      <th>Humidity3pm</th>\n","      <td>-0.075666</td>\n","      <td>0.023297</td>\n","      <td>-0.493780</td>\n","      <td>0.235734</td>\n","      <td>-0.373950</td>\n","      <td>-0.621705</td>\n","      <td>0.008154</td>\n","      <td>-0.033898</td>\n","      <td>0.002906</td>\n","      <td>0.647581</td>\n","      <td>1.000000</td>\n","      <td>-0.063455</td>\n","      <td>0.021869</td>\n","      <td>0.516019</td>\n","      <td>0.538802</td>\n","      <td>-0.220208</td>\n","      <td>-0.548739</td>\n","      <td>0.366509</td>\n","      <td>0.438218</td>\n","    </tr>\n","    <tr>\n","      <th>Pressure9am</th>\n","      <td>-0.084635</td>\n","      <td>-0.366575</td>\n","      <td>-0.217367</td>\n","      <td>-0.192867</td>\n","      <td>-0.208560</td>\n","      <td>0.093877</td>\n","      <td>-0.496235</td>\n","      <td>-0.263245</td>\n","      <td>-0.335823</td>\n","      <td>0.124066</td>\n","      <td>-0.063455</td>\n","      <td>1.000000</td>\n","      <td>0.959433</td>\n","      <td>-0.114579</td>\n","      <td>-0.157067</td>\n","      <td>-0.328377</td>\n","      <td>-0.171373</td>\n","      <td>-0.222591</td>\n","      <td>-0.298347</td>\n","    </tr>\n","    <tr>\n","      <th>Pressure3pm</th>\n","      <td>-0.089954</td>\n","      <td>-0.378641</td>\n","      <td>-0.326057</td>\n","      <td>-0.133201</td>\n","      <td>-0.244390</td>\n","      <td>0.025512</td>\n","      <td>-0.445468</td>\n","      <td>-0.209356</td>\n","      <td>-0.297948</td>\n","      <td>0.179100</td>\n","      <td>0.021869</td>\n","      <td>0.959433</td>\n","      <td>1.000000</td>\n","      <td>-0.043778</td>\n","      <td>-0.094079</td>\n","      <td>-0.384364</td>\n","      <td>-0.287821</td>\n","      <td>-0.125932</td>\n","      <td>-0.273816</td>\n","    </tr>\n","    <tr>\n","      <th>Cloud9am</th>\n","      <td>-0.071564</td>\n","      <td>0.056189</td>\n","      <td>-0.315717</td>\n","      <td>0.188081</td>\n","      <td>-0.193750</td>\n","      <td>-0.690637</td>\n","      <td>0.087869</td>\n","      <td>0.034047</td>\n","      <td>0.063603</td>\n","      <td>0.442494</td>\n","      <td>0.516019</td>\n","      <td>-0.114579</td>\n","      <td>-0.043778</td>\n","      <td>1.000000</td>\n","      <td>0.613362</td>\n","      <td>-0.169043</td>\n","      <td>-0.329026</td>\n","      <td>0.275507</td>\n","      <td>0.307484</td>\n","    </tr>\n","    <tr>\n","      <th>Cloud3pm</th>\n","      <td>-0.064091</td>\n","      <td>-0.000523</td>\n","      <td>-0.314760</td>\n","      <td>0.165398</td>\n","      <td>-0.196783</td>\n","      <td>-0.715964</td>\n","      <td>0.140471</td>\n","      <td>0.061122</td>\n","      <td>0.059018</td>\n","      <td>0.366222</td>\n","      <td>0.538802</td>\n","      <td>-0.157067</td>\n","      <td>-0.094079</td>\n","      <td>0.613362</td>\n","      <td>1.000000</td>\n","      <td>-0.166195</td>\n","      <td>-0.355004</td>\n","      <td>0.252889</td>\n","      <td>0.379395</td>\n","    </tr>\n","    <tr>\n","      <th>Temp9am</th>\n","      <td>0.136345</td>\n","      <td>0.888775</td>\n","      <td>0.881857</td>\n","      <td>-0.009739</td>\n","      <td>0.552718</td>\n","      <td>0.295746</td>\n","      <td>0.127086</td>\n","      <td>0.144137</td>\n","      <td>0.176276</td>\n","      <td>-0.475319</td>\n","      <td>-0.220208</td>\n","      <td>-0.328377</td>\n","      <td>-0.384364</td>\n","      <td>-0.169043</td>\n","      <td>-0.166195</td>\n","      <td>1.000000</td>\n","      <td>0.851284</td>\n","      <td>-0.102103</td>\n","      <td>-0.040164</td>\n","    </tr>\n","    <tr>\n","      <th>Temp3pm</th>\n","      <td>0.125620</td>\n","      <td>0.679368</td>\n","      <td>0.983124</td>\n","      <td>-0.100264</td>\n","      <td>0.558556</td>\n","      <td>0.494379</td>\n","      <td>-0.028502</td>\n","      <td>-0.006178</td>\n","      <td>0.028872</td>\n","      <td>-0.475040</td>\n","      <td>-0.548739</td>\n","      <td>-0.171373</td>\n","      <td>-0.287821</td>\n","      <td>-0.329026</td>\n","      <td>-0.355004</td>\n","      <td>0.851284</td>\n","      <td>1.000000</td>\n","      <td>-0.247586</td>\n","      <td>-0.212247</td>\n","    </tr>\n","    <tr>\n","      <th>RainToday</th>\n","      <td>-0.008100</td>\n","      <td>0.064523</td>\n","      <td>-0.240200</td>\n","      <td>0.508495</td>\n","      <td>-0.178420</td>\n","      <td>-0.283477</td>\n","      <td>0.201441</td>\n","      <td>0.127078</td>\n","      <td>0.119698</td>\n","      <td>0.333259</td>\n","      <td>0.366509</td>\n","      <td>-0.222591</td>\n","      <td>-0.125932</td>\n","      <td>0.275507</td>\n","      <td>0.252889</td>\n","      <td>-0.102103</td>\n","      <td>-0.247586</td>\n","      <td>1.000000</td>\n","      <td>0.287683</td>\n","    </tr>\n","    <tr>\n","      <th>RainTomorrow</th>\n","      <td>-0.000595</td>\n","      <td>0.076245</td>\n","      <td>-0.175112</td>\n","      <td>0.206823</td>\n","      <td>-0.111138</td>\n","      <td>-0.433374</td>\n","      <td>0.291813</td>\n","      <td>0.109336</td>\n","      <td>0.137652</td>\n","      <td>0.230218</td>\n","      <td>0.438218</td>\n","      <td>-0.298347</td>\n","      <td>-0.273816</td>\n","      <td>0.307484</td>\n","      <td>0.379395</td>\n","      <td>-0.040164</td>\n","      <td>-0.212247</td>\n","      <td>0.287683</td>\n","      <td>1.000000</td>\n","    </tr>\n","  </tbody>\n","</table>\n","</div>\n","    <div class=\"colab-df-buttons\">\n","\n","  <div class=\"colab-df-container\">\n","    <button class=\"colab-df-convert\" onclick=\"convertToInteractive('df-3627e4ff-6aec-4b21-abce-14854c4863b9')\"\n","            title=\"Convert this dataframe to an interactive table.\"\n","            style=\"display:none;\">\n","\n","  <svg xmlns=\"http://www.w3.org/2000/svg\" height=\"24px\" viewBox=\"0 -960 960 960\">\n","    <path d=\"M120-120v-720h720v720H120Zm60-500h600v-160H180v160Zm220 220h160v-160H400v160Zm0 220h160v-160H400v160ZM180-400h160v-160H180v160Zm440 0h160v-160H620v160ZM180-180h160v-160H180v160Zm440 0h160v-160H620v160Z\"/>\n","  </svg>\n","    </button>\n","\n","  <style>\n","    .colab-df-container {\n","      display:flex;\n","      gap: 12px;\n","    }\n","\n","    .colab-df-convert {\n","      background-color: #E8F0FE;\n","      border: none;\n","      border-radius: 50%;\n","      cursor: pointer;\n","      display: none;\n","      fill: #1967D2;\n","      height: 32px;\n","      padding: 0 0 0 0;\n","      width: 32px;\n","    }\n","\n","    .colab-df-convert:hover {\n","      background-color: #E2EBFA;\n","      box-shadow: 0px 1px 2px rgba(60, 64, 67, 0.3), 0px 1px 3px 1px rgba(60, 64, 67, 0.15);\n","      fill: #174EA6;\n","    }\n","\n","    .colab-df-buttons div {\n","      margin-bottom: 4px;\n","    }\n","\n","    [theme=dark] .colab-df-convert {\n","      background-color: #3B4455;\n","      fill: #D2E3FC;\n","    }\n","\n","    [theme=dark] .colab-df-